pathLenghth,AStar,BFS
15.82,0.000518642,0.00067819
15.82,0.000493344,0.000595619
15.82,0.0004928,0.000596475
15.82,0.000508141,0.000591667
15.82,0.000491952,0.000594798
24.87,0.000577795,0.000874662
24.87,0.000428911,0.000831287
24.87,0.000237889,0.00034399
24.87,0.000236233,0.000341985
24.87,0.000273216,0.000339224
48.61,0.000395164,0.000821903
48.61,0.000483818,0.000860532
48.61,0.000494612,0.000941164
48.61,0.000528186,0.00106047
48.61,0.000491738,0.00114095
71.89,0.000916351,0.00171323
71.89,0.000882267,0.0016964
71.89,0.000626492,0.00125762
71.89,0.000663159,0.00145059
71.89,0.000614121,0.00130441
98.84,0.000844144,0.00126395
98.84,0.000813232,0.00127727
98.84,0.000887655,0.00128457
98.84,0.00101318,0.00132168
98.84,0.000846241,0.00128748
122.81,0.001293,0.00266195
122.81,0.000944555,0.0026525
122.81,0.000952557,0.0026205
122.81,0.000944419,0.00268475
122.81,0.000959664,0.0026296
150.63,0.00117378,0.00490891
150.63,0.00127166,0.00506906
150.63,0.00124232,0.00509236
150.63,0.0011907,0.00483059
150.63,0.00116361,0.00495737
177.09,0.0013452,0.00593675
177.09,0.00121884,0.00565653
177.09,0.00117514,0.00547283
177.09,0.00117984,0.00575788
177.09,0.0011722,0.00544029
pathLenghth,AStar,BFS
15.82,0.000500768,0.0006741
15.82,0.000503153,0.000599254
15.82,0.000486819,0.000598712
15.82,0.000486541,0.000596491
15.82,0.00048695,0.000596778
24.87,0.000567865,0.000851001
24.87,0.000565838,0.00083177
24.87,0.000420627,0.000904639
24.87,0.000306634,0.000459705
24.87,0.000340267,0.000492672
48.61,0.000347284,0.000958823
48.61,0.000388028,0.000808324
48.61,0.000343458,0.000791831
48.61,0.000343514,0.000788032
48.61,0.000351668,0.000791535
71.89,0.000565479,0.00117306
71.89,0.000565683,0.001126
71.89,0.000589706,0.00115009
71.89,0.00067029,0.00111278
71.89,0.000621975,0.00121518
98.84,0.000764551,0.00127549
98.84,0.000765031,0.00123385
98.84,0.000763429,0.00120017
98.84,0.000764837,0.00126483
98.84,0.00076541,0.00120656
122.81,0.000882426,0.00250583
122.81,0.000865115,0.00247882
122.81,0.000864611,0.00252216
122.81,0.000866539,0.00250138
122.81,0.000866335,0.00250045
150.63,0.00109706,0.00470191
150.63,0.00110565,0.00457685
150.63,0.00109145,0.00455308
150.63,0.00110339,0.0046338
150.63,0.00109264,0.00455109
177.09,0.0011796,0.00566597
177.09,0.00119142,0.00557123
177.09,0.00117871,0.00559346
177.09,0.00117806,0.00558889
177.09,0.0012065,0.00578245
pathLenghth,AStar,BFS
15.82,0.00049453,0.000642695
15.82,0.000487795,0.000588412
15.82,0.000501599,0.000588008
15.82,0.000486619,0.000590049
15.82,0.000486546,0.000589267
24.87,0.000578219,0.000831292
24.87,0.000565811,0.000829505
24.87,0.000567074,0.00082714
24.87,0.000321362,0.000853556
24.87,0.000234208,0.000343505
48.61,0.000399987,0.000913853
48.61,0.000452611,0.000959325
48.61,0.000322396,0.000812346
48.61,0.000320995,0.0007637
48.61,0.00032072,0.000760211
71.89,0.000565959,0.00113856
71.89,0.000565055,0.00112191
71.89,0.000565434,0.00113556
71.89,0.000564808,0.0011262
71.89,0.000620835,0.00146899
98.84,0.000762918,0.00123559
98.84,0.000772993,0.00120586
98.84,0.000763235,0.00118445
98.84,0.000763927,0.00119073
98.84,0.000763067,0.00120195
122.81,0.000865505,0.00252444
122.81,0.000867945,0.00252625
122.81,0.000865645,0.00250245
122.81,0.000864567,0.00251834
122.81,0.000868816,0.00251138
150.63,0.00111478,0.00463988
150.63,0.00109616,0.00459908
150.63,0.00109647,0.00468512
150.63,0.00109475,0.00458177
150.63,0.00109324,0.00459598
177.09,0.00124561,0.0056227
177.09,0.00118024,0.00563154
177.09,0.00117788,0.00556201
177.09,0.00117813,0.00559562
177.09,0.00121372,0.00586628
pathLenghth,AStar,BFS
15.82,0.000266439,0.000285141
15.82,0.000266008,0.000323947
15.82,0.000258687,0.000336967
15.82,0.000260766,0.000338229
15.82,0.000241239,0.000331445
24.87,0.000327232,0.000520531
24.87,0.000345178,0.000488942
24.87,0.000236569,0.000435404
24.87,0.000234411,0.000353495
24.87,0.000236747,0.00034856
48.61,0.000342929,0.000778662
48.61,0.000344813,0.000815886
48.61,0.000347559,0.000796974
48.61,0.000347452,0.000795
48.61,0.000362037,0.000794946
71.89,0.000610731,0.0011923
71.89,0.000636767,0.00118208
71.89,0.000612989,0.00118724
71.89,0.00084511,0.00152708
71.89,0.000631266,0.00156658
98.84,0.000828476,0.00159832
98.84,0.000818947,0.00126256
98.84,0.00082936,0.00125121
98.84,0.000822552,0.00124834
98.84,0.000820201,0.00126106
122.81,0.000974333,0.00265563
122.81,0.000939017,0.00267113
122.81,0.00126567,0.00323587
122.81,0.00128294,0.00328458
122.81,0.000941019,0.00318153
150.63,0.00119009,0.0048785
150.63,0.00120019,0.00523993
150.63,0.00137478,0.00495751
150.63,0.00118273,0.0056722
150.63,0.0011258,0.00467169
177.09,0.00182038,0.00658627
177.09,0.00177205,0.00870068
177.09,0.0011862,0.00572198
177.09,0.00166751,0.00964261
177.09,0.00179112,0.00806484
pathLenghth,AStar,BFS
15.82,0.000289129,0.000398429
15.82,0.000202807,0.000256417
15.82,0.000200208,0.000255698
15.82,0.000259663,0.0002525
15.82,0.000287295,0.00034547
24.87,0.000348054,0.000835002
24.87,0.000344465,0.000524829
24.87,0.000361052,0.000542228
24.87,0.000284616,0.000538908
24.87,0.000234504,0.000344503
48.61,0.000345564,0.000819767
48.61,0.000345061,0.000792301
48.61,0.00052249,0.000956621
48.61,0.000550807,0.00116906
48.61,0.000538738,0.00118507
71.89,0.000625092,0.00126886
71.89,0.000844441,0.00125264
71.89,0.000618795,0.00122026
71.89,0.000650036,0.00164
71.89,0.000611769,0.00121405
98.84,0.000823174,0.0012694
98.84,0.000830822,0.00125751
98.84,0.000836209,0.00124182
98.84,0.000819738,0.00124403
98.84,0.000836472,0.00125779
122.81,0.000950796,0.00261564
122.81,0.000956497,0.00262609
122.81,0.000945838,0.00269821
122.81,0.000934641,0.00277981
122.81,0.00108183,0.00291338
150.63,0.00118613,0.00501955
150.63,0.00135601,0.00523733
150.63,0.00120338,0.00597238
150.63,0.00226116,0.00553795
150.63,0.00117931,0.00496162
177.09,0.00178146,0.00794249
177.09,0.00126417,0.00768439
177.09,0.00119009,0.00553247
177.09,0.00118166,0.00552901
177.09,0.00181078,0.0075795
pathLenghth,AStar,BFS
15.82,0.000202395,0.000310924
15.82,0.000200795,0.000245737
15.82,0.000200696,0.000244473
15.82,0.000201867,0.000245698
15.82,0.000200293,0.000244151
24.87,0.000248131,0.000368569
24.87,0.000239167,0.000344913
24.87,0.000233391,0.000339047
24.87,0.000233397,0.000344482
24.87,0.000234456,0.000436206
48.61,0.000319915,0.000761565
48.61,0.000319308,0.000818572
48.61,0.000318662,0.000753823
48.61,0.000318549,0.000752727
48.61,0.000453975,0.000927297
71.89,0.000562168,0.00114118
71.89,0.000630846,0.00118902
71.89,0.000601055,0.00117903
71.89,0.000615798,0.00118471
71.89,0.00065619,0.00119928
98.84,0.000801108,0.00129591
98.84,0.000757107,0.00121873
98.84,0.00105056,0.00123652
98.84,0.000893168,0.00146035
98.84,0.000823371,0.00127377
122.81,0.000965643,0.00267656
122.81,0.000954477,0.00262406
122.81,0.000871779,0.00249751
122.81,0.000896624,0.00246184
122.81,0.000932025,0.00263375
150.63,0.001399,0.00482179
150.63,0.00111682,0.00482459
150.63,0.0011912,0.00487469
150.63,0.00110072,0.00508639
150.63,0.00160392,0.00494822
177.09,0.00138416,0.00808618
177.09,0.00134252,0.00584662
177.09,0.00120309,0.00595802
177.09,0.00126422,0.00561981
177.09,0.00117088,0.00601384
